Pašvaldība	1	2	3	4	5	6	7	8	9	10	11	12	13	14	15	16	Kopā
Rīga	10403	31603	265	24088	8692	208	361	1833	82450	34815	5502	1047	16830	1171	29073	12793	261134
Vidzeme	2721	33473	248	27224	5274	182	433	1559	22764	28566	12336	1163	14511	678	29807	24240	205179
Latgale	9501	7796	203	4387	830	152	229	854	31640	4026	3797	207	5011	162	6799	12450	88044
Kurzeme	912	15751	106	13292	2695	150	330	1241	8960	11830	5661	616	5839	207	21220	14925	103735
Zemgale	2273	16454	170	16745	2368	156	261	1161	11592	12814	4984	880	9160	473	21934	14660	116085
Kopā	25810	105077	992	85736	19859	848	1614	6648	157406	92051	32280	3913	51351	2691	108833	79068	774177
