Pašvaldība	1	2	3	4	5	6	7	8	9	10	11	12	13	14	15	16	Kopā
Rīga	7746	22665	198	17581	6187	151	252	1331	61015	24628	3982	792	12195	874	20126	9224	188947
Vidzeme	1836	26549	206	21001	4014	143	324	1248	15792	21769	10120	914	11047	440	24504	20320	160227
Latgale	9382	7481	195	4186	796	146	163	834	30881	3803	3608	199	4406	145	6539	12129	84893
Kurzeme	900	14854	102	12592	2578	147	327	1087	8828	11222	5040	584	5478	203	20276	14308	98526
Zemgale	2062	14470	154	14601	2104	130	234	1048	10415	11082	4554	783	8261	430	19471	13087	102886
Kopā	21926	86019	855	69961	15679	717	1300	5548	126931	72504	27304	3272	41387	2092	90916	69068	635479
