Pašvaldība	1	2	3	4	5	6	7	8	9	10	11	12	13	14	15	16	Kopā
Rīga	11207	35696	282	26995	9936	226	396	2003	88260	39209	6066	1153	19536	1265	35895	14103	292228
Vidzeme	3061	38893	297	31466	6239	211	506	1844	26146	33651	14458	1387	16940	787	34341	27448	237675
Latgale	9561	7900	204	4465	840	154	242	865	32159	4181	3849	209	5067	168	6874	12539	89277
Kurzeme	912	15751	106	13292	2695	150	330	1241	8960	11830	5661	616	5839	207	21220	14925	103735
Zemgale	2273	16454	170	16745	2368	156	261	1161	11592	12814	4984	880	9160	473	21934	14660	116085
Kopā	27014	114694	1059	92963	22078	897	1735	7114	167117	101685	35018	4245	56542	2900	120264	83675	839000
