Pašvaldība	1	2	3	4	5	6	7	8	9	10	11	12	13	14	15	16	Kopā
Rīga	7478	21136	188	16354	5511	148	237	1254	58783	22475	3703	748	11220	844	18542	8666	177287
Vidzeme	1729	24360	195	19245	3628	136	310	1176	14852	20043	9566	867	9698	427	22358	18516	147106
Latgale	9160	7468	194	4168	788	143	160	827	30389	3778	3597	198	4397	145	6514	12082	84008
Kurzeme	869	12370	86	10342	2235	118	241	893	8294	9512	4431	481	4598	172	16536	12087	83265
Zemgale	2016	14289	149	14269	2083	129	230	1042	10249	10931	4490	766	8106	423	19153	12844	101169
Kopā	21252	79623	812	64378	14245	674	1178	5192	122567	66739	25787	3060	38019	2011	83103	64195	592835
