Pašvaldība	1	2	3	4	5	6	7	8	9	10	11	12	13	14	15	16	Kopā
Rīga	7769	22853	200	17701	6347	151	254	1341	61141	24964	4015	801	12289	874	20790	9258	190748
Vidzeme	2058	27792	215	21912	4170	147	359	1308	17266	22927	10432	953	11476	494	25434	21001	167944
Latgale	9434	7571	197	4275	807	152	226	845	31156	3914	3652	204	4444	154	6595	12228	85854
Kurzeme	900	14854	102	12592	2578	147	327	1087	8828	11222	5040	584	5478	203	20276	14308	98526
Zemgale	2104	15240	161	15372	2197	144	244	1097	10796	11768	4744	828	8611	449	20706	13774	108235
Kopā	22265	88310	875	71852	16099	741	1410	5678	129187	74795	27883	3370	42298	2174	93801	70569	651307
