Pašvaldība	1	2	3	4	5	6	7	8	9	10	11	12	13	14	15	16	Kopā
Rīga	7767	22820	200	17678	6320	151	254	1340	61115	24913	4010	800	12274	874	20626	9251	190393
Vidzeme	1888	27342	210	21576	4106	144	351	1286	16323	22547	10327	938	11316	456	25111	20763	164684
Latgale	9434	7571	197	4275	807	152	226	845	31156	3914	3652	204	4444	154	6595	12228	85854
Kurzeme	900	14854	102	12592	2578	147	327	1087	8828	11222	5040	584	5478	203	20276	14308	98526
Zemgale	2104	15240	161	15372	2197	144	244	1097	10796	11768	4744	828	8611	449	20706	13774	108235
Kopā	22093	87827	870	71493	16008	738	1402	5655	128218	74364	27773	3354	42123	2136	93314	70324	647692
