Pašvaldība	1	2	3	4	5	6	7	8	9	10	11	12	13	14	15	16	Kopā
Rīga	11175	34993	278	26492	9627	223	388	1979	88051	38469	5964	1127	18961	1258	33545	13944	286474
Vidzeme	3061	38893	297	31466	6239	211	506	1844	26146	33651	14458	1387	16940	787	34341	27448	237675
Latgale	9561	7900	204	4465	840	154	242	865	32159	4181	3849	209	5067	168	6874	12539	89277
Kurzeme	912	15751	106	13292	2695	150	330	1241	8960	11830	5661	616	5839	207	21220	14925	103735
Zemgale	2273	16454	170	16745	2368	156	261	1161	11592	12814	4984	880	9160	473	21934	14660	116085
Kopā	26982	113991	1055	92460	21769	894	1727	7090	166908	100945	34916	4219	55967	2893	117914	83516	833246
