Pašvaldība	1	2	3	4	5	6	7	8	9	10	11	12	13	14	15	16	Kopā
Rīga	6532	18185	158	13920	4713	136	211	1090	51255	19502	3209	654	9679	721	16298	7453	153716
Vidzeme	1711	23938	188	18931	3562	131	290	1149	14641	19673	9245	853	9478	420	21902	18120	144232
Latgale	9160	7468	194	4168	788	143	160	827	30389	3778	3597	198	4397	145	6514	12082	84008
Kurzeme	820	11608	81	9681	2129	110	236	840	7935	8938	4208	439	4343	160	15522	11443	78493
Zemgale	2016	14289	149	14269	2083	129	230	1042	10249	10931	4490	766	8106	423	19153	12844	101169
Kopā	20239	75488	770	60969	13275	649	1127	4948	114469	62822	24749	2910	36003	1869	79389	61942	561618
